mAP: 0.5568525855598642
AP_50: 0.8517315770990502
AP_75: 0.6495749629216991
AP_small: 0.12265634899562779
AP_m: 0.407167088973657
AP_l: 0.6542591746925902
